   6.0000000000000001E-003      2.1335712752276788E-004   3.4144485890856505E-005      74.784968660212840        74.788552913046487     
   1.2000000000000000E-002      7.6024570931147446E-004   1.6434728195516838E-004      74.140764306873564        74.152682275424027     
   1.8000000000000002E-002      1.5982841862796980E-003   3.4511201458451720E-004      73.070171429198524        73.095234872639438     
   2.4000000000000000E-002      2.7410545446816090E-003   5.8446118413374849E-004      71.583651411380657        71.626783278603654     
   2.9999999999999999E-002      4.2016447327855684E-003   8.8760883961944538E-004      69.695309725620319        69.761590443502143     
   3.6000000000000004E-002      5.9933016844402843E-003   1.2577739723572971E-003      67.422828646109394        67.517539200377456     
   4.2000000000000003E-002      8.1312547906664829E-003   1.6982064798147841E-003      64.787451280334579        64.916112246587488     
   4.8000000000000001E-002      1.0632626347133798E-002   2.2123484378590691E-003      61.813802709702969        61.982208267935405     
   5.3999999999999999E-002      1.3515998849883947E-002   2.8037038592733433E-003      58.529659911414896        58.743905811286822     
   5.9999999999999998E-002      1.6801062969343722E-002   3.4758421831341231E-003      54.965702087493057        55.232206503291536     
   6.6000000000000003E-002      2.0508239812882391E-002   4.2324289031893721E-003      51.155236083965548        51.480752302250167     
   7.2000000000000008E-002      2.4658180354457857E-002   5.0771842291303763E-003      47.133892378004262        47.525512300620022     
   7.8000000000000000E-002      2.9271141051995960E-002   6.0137646258833126E-003      42.939293947415209        43.404441476067220     
   8.4000000000000005E-002      3.4366277900121159E-002   7.0456026306463127E-003      38.610703424929639        39.157116930471616     
   8.9999999999999997E-002      3.9960901235274161E-002   8.1757373209487786E-003      34.188653963271264        34.824357241735250     
   9.6000000000000002E-002      4.6069721684757522E-002   9.4066525134522561E-003      29.714568382767386        30.447829766398311     
  0.10200000000000001           5.2704109787706732E-002   1.0740128484273175E-002      25.230370573810362        26.069650200113589     
  0.10800000000000000           5.9871390679197251E-002   1.2177108638376252E-002      20.778092978890133        21.731978619973290     
  0.11400000000000000           6.7574198111814143E-002   1.3717582690334709E-002      16.399484105610775        17.476616414341752     
  0.12000000000000000           7.5809915822468876E-002   1.5360489665208654E-002      12.135620213517505        13.344608737001217     
  0.12600000000000000           8.4570236809052957E-002   1.7103645626164048E-002      8.0265254436367464        9.3758572676725898     
  0.13200000000000001           9.3840871556930883E-002   1.8943701807044040E-002      4.1108046673416148        5.6087480627593571     
  0.13800000000000001          0.10360143442496010        2.0876138712371033E-002     0.42529321248756347        2.0797991272036001     
  0.14400000000000002          0.11382553336030143        2.2895300916631237E-002     -2.9952726095282820       -1.1766679601441723     
  0.14999999999999999          0.12448108209333994        2.4994475953493731E-002     -6.1185605861896413       -4.1288284628334999     
  0.15600000000000000          0.13553084628076406        2.7166019001230748E-002     -8.9149201235621973       -6.7476235773618924     
  0.16200000000000001          0.14693322610762555        2.9401523171033218E-002     -11.357629514924378       -9.0069954555307437     
  0.16800000000000001          0.15864326811194773        3.1692033200772934E-002     -13.423110801672316       -10.884086102733349     
  0.17400000000000002          0.17061388904647024        3.4028298371836747E-002     -15.091110627340509       -12.359398813077370     
  0.17999999999999999          0.18279728514529750        3.6401058674736475E-002     -16.344846041516377       -13.416921511278572     
  0.18600000000000000          0.19514649204719298        3.8801356908565912E-002     -17.171114730340971       -14.044212026684827     
  0.19200000000000000          0.20761705477275777        4.1220868842455322E-002     -17.560369593675215       -14.232445874127841     
  0.19800000000000001          0.22016876447264100        4.3652244057203728E-002     -17.506757918787120       -13.976427509478810     
  0.20400000000000001          0.23276741990684693        4.6089451572680608E-002     -17.106789176157790       -13.373229808416303     
  0.20999999999999999          0.24538486059275005        4.8527778245098456E-002     -16.681628458459755       -12.744486810389736     
  0.21600000000000000          0.25799445790938852        5.0962917525264759E-002     -16.256807257644734       -12.116176448786351     
  0.22200000000000000          0.27057080098943770        5.3390909099677940E-002     -15.833139059503932       -11.489541220473926     
  0.22800000000000001          0.28308974203095372        5.5808143844914074E-002     -15.411389969640533       -10.865758004626167     
  0.23400000000000001          0.29552842638439314        5.8211363101482214E-002     -14.992277993970710       -10.245936726960414     
  0.23999999999999999          0.30786531167209696        6.0597655257908653E-002     -14.576472714452676       -9.6311195847586930     
  0.24600000000000000          0.32008017749417667        6.2964450415263717E-002     -14.164595286535905       -9.0222807434897661     
  0.25200000000000000          0.33215412644617981        6.5309513279490930E-002     -13.757218733564603       -8.4203264687058432     
  0.25800000000000001          0.34406957704067076        6.7630934363527934E-002     -13.354868519642835       -7.8260956645185660     
  0.26400000000000001          0.35581024917545928        6.9927119639782098E-002     -12.958023378567333       -7.2403607862167112     
  0.27000000000000002          0.36736114285664817        7.2196778837617756E-002     -12.567116372364405       -6.6638290902918955     
  0.27600000000000002          0.37870851092356500        7.4438912607796837E-002     -12.182536150766833       -6.0971441827056756     
  0.28200000000000003          0.38983982653238591        7.6652798781097237E-002     -11.804628382485433       -5.5408878256609873     
  0.28800000000000003          0.40074374614243802        7.8837977939865078E-002     -11.433697329831642       -4.9955819639297037     
  0.29399999999999998          0.41141006872108793        8.0994238505541605E-002     -11.070007539656601       -4.4616909334445349     
  0.29999999999999999          0.42182969184564878        8.3121601526480793E-002     -10.713785625351711       -3.9396238170177682     
  0.30599999999999999          0.43199456533795272        8.5220305331068086E-002     -10.365222116593916       -3.4297369144574468     
  0.31200000000000000          0.44189764302175494        8.7290790192435602E-002     -10.024473355498520       -2.9323362968665023     
  0.31800000000000000          0.45153283314643899        8.9333683133366426E-002     -9.6916634198057512       -2.4476804174531779     
  0.32400000000000001          0.46089494797359604        9.1349782983332239E-002     -9.3668860556496689       -1.9759827537092089     
  0.33000000000000002          0.46997965297641070        9.3340045783951373E-002     -9.0502066043278582       -1.5174144583008840     
  0.33600000000000002          0.47878341605600400        9.5305570624400343E-002     -8.7416639092993762       -1.0721069984484171     
  0.34200000000000003          0.48730345713421613        9.7247585974450795E-002     -8.4412721913785109      -0.64015476592476084     
  0.34800000000000003          0.49553769843923379        9.9167436569832068E-002     -8.1490228817527388      -0.22161764206826717     
  0.35399999999999998          0.50348471575921194       0.10106657089258797          -7.8648864040262136       0.18347649563908774     
  0.35999999999999999          0.51114369089995160       0.10294652927803498          -7.5888138979646165       0.57512933684130729     
  0.36599999999999999          0.51851436554594033       0.10480893266986933          -7.3207388789893884       0.95336978093274283     
  0.37200000000000000          0.52559699668981064       0.10665547203592851          -7.0605788287319822        1.3182516667778170     
  0.37800000000000000          0.53239231376363561       0.10848789844906924          -6.8082367131119117        1.6698515956413456     
  0.38400000000000001          0.53890147757647455       0.11030801383057048          -6.5636024254450920        2.0082668519630094     
  0.39000000000000001          0.54512604113620367       0.11211766234734731          -6.3265541530233600        2.3336134252701619     
  0.39600000000000002          0.55106791240989794       0.11391872244904255          -6.0969596664358026        2.6460241353223761     
  0.40200000000000002          0.55672931905575662       0.11571309952666503          -5.8746775316319706        2.9456468615138807     
  0.40800000000000003          0.56211277514070301       0.11750271917082718          -5.6595582453611053        3.2326428766216768     
  0.41400000000000003          0.56722104984122312       0.11928952100471805          -5.4514452951674608        3.5071852841674289     
  0.41999999999999998          0.57205713811058412       0.12107545306467608          -5.2501761455840299        3.7694575579567191     
  0.42599999999999999          0.57662423328316736       0.12286246669952565          -5.0555831525540551        4.0196521817574542     
  0.43200000000000000          0.58092570157609869       0.12465251195865878          -4.8674944084266230        4.2579693865752422     
  0.43800000000000000          0.58496505843951541       0.12644753343810830          -4.6857345201267586        4.4846159825671243     
  0.44400000000000001          0.58874594669952318       0.12824946655352071          -4.5101253232975838        4.6998042822991994     
  0.45000000000000001          0.59227211643203681       0.13006023420894092          -4.3404865353590818        4.9037511117888926     
  0.45600000000000002          0.59554740650107496       0.13188174383061618          -4.1766363505295718        5.0966769055733057     
  0.46200000000000002          0.59857572769162637       0.13371588473556698          -4.0183919799182899        5.2788048819025937     
  0.46800000000000003          0.60136104736472940       0.13556452580542075          -3.8655701398259290        5.4503602940643026     
  0.47400000000000003          0.60390737556082885       0.13742951343691789          -3.7179874913879041        5.6115697537971361     
  0.47999999999999998          0.60621875247665402       0.13931266974155088          -3.5754610346687752        5.7626606227412500     
  0.48599999999999999          0.60829923724071056       0.14121579096794656          -3.4378084602675214        5.9038604678953108     
  0.49199999999999999          0.61015289791291460       0.14314064612184174          -3.3048484614280111        6.0353965770990223     
  0.49800000000000000          0.61178380263477394       0.14508897575978555          -3.1764010095677326        6.1574955306340948     
  0.50400000000000000          0.61319601185784256       0.14706249093403020          -3.0522875960463729        6.2703828251269069     
  0.51000000000000001          0.61439357157979946       0.14906287226741941          -2.9323314428939100        6.3742825460441948     
  0.51600000000000001          0.61538050751940632       0.15109176913843281          -2.8163576851095926        6.4694170851923900     
  0.52200000000000002          0.61616082016369988       0.15315079895789330          -2.7041935270303807        6.5560068997588363     
  0.52800000000000002          0.61673848062305614       0.15524154652017136          -2.5956683751500966        6.6342703095698621     
  0.53400000000000003          0.61711742723213792       0.15736556341303112          -2.4906139496526971        6.7044233293795035     
  0.54000000000000004          0.61730156283720550       0.15952436747153614          -2.3888643768037499        6.7666795331461387     
  0.54600000000000004          0.61729475271277678       0.16171944226267873          -2.2902562642255386        6.8212499473980444     
  0.55200000000000005          0.61710082305315561       0.16395223658859939          -2.1946287609640915        6.8683429709324768     
  0.55800000000000005          0.61672355998685158       0.16622416399742815          -2.1018236041407117        6.9081643182357553     
  0.56400000000000006          0.61616670906443483       0.16853660229190320          -2.0116851538678651        6.9409169841520901     
  0.57000000000000006          0.61543397517279597       0.17089089302700095          -1.9240604179992640        6.9668012274660907     
  0.57600000000000007          0.61452902283120325       0.17328834098885010          -1.8387990681773445        6.9860145711981314     
  0.58199999999999996          0.61345547682687041       0.17573021364819710          -1.7557534485381039        6.9987518175415993     
  0.58799999999999997          0.61221692315002862       0.17821774058264475          -1.6747785783335556        7.0052050754970852     
  0.59399999999999997          0.61081691019066653       0.18075211286279827          -1.5957321496367185        7.0055637993792610     
  0.59999999999999998          0.60925895016123066       0.18333448239832698          -1.5184745212012274        7.0000148364900658     
  0.60599999999999998          0.60754652071159221       0.18596596124078643          -1.4428687094602619        6.9887424823626825     
  0.61199999999999999          0.60568306670454253       0.18864762084084569          -1.3687803775638558        6.9719285420895583     
  0.61799999999999999          0.60367200212193584       0.19138049125832879          -1.2960778232735422        6.9497523963497807     
  0.62400000000000000          0.60151671207339252       0.19416556032421034          -1.2246319664549068        6.9223910708507059     
  0.63000000000000000          0.59922055488117743       0.19700377275440625          -1.1543163368350551        6.8900193079922563     
  0.63600000000000001          0.59678686421651961       0.19989602921586477          -1.0850070626205595        6.8528096396534961     
  0.64200000000000002          0.59421895126418001       0.20284318534610604          -1.0165828605039495        6.8109324600867458     
  0.64800000000000002          0.59152010689361012       0.20584605072796253         -0.94892502752146246        6.7645560979881676     
  0.65400000000000003          0.58869360381645341       0.20890538782185727         -0.88191743516289733        6.7138468868924175     
  0.66000000000000003          0.58574269871154971       0.21202191085850586         -0.81544652607506318        6.6589692331151937     
  0.66600000000000004          0.58267063429991572       0.21519628469545632         -0.74940131364282703        6.6000856805410377     
  0.67200000000000004          0.57948064135347688       0.21842912364137651         -0.68367338467799765        6.5373569716233169     
  0.67800000000000005          0.57617594062255184       0.22172099025246994         -0.61815690539339130        6.4709421040315496     
  0.68400000000000005          0.57275974466830371       0.22507239410584221         -0.55274863079018921        6.4009983824457422     
  0.69000000000000006          0.56923525958753551       0.22848379055505280         -0.48734791753810391        6.3276814650610591     
  0.69600000000000006          0.56560568661833954       0.23195557947347670         -0.42185674038293186        6.2511454044260937     
  0.70200000000000007          0.56187422361622630       0.23548810399144632         -0.35617971207193388        6.1715426822971589     
  0.70799999999999996          0.55804406639143644       0.23908164923347819         -0.29022410674582755        6.0890242382480517     
  0.71399999999999997          0.55411840989919758       0.24273644106217329         -0.22389988670687622        6.0037394918290623     
  0.71999999999999997          0.55010044927573776       0.24645264483564280         -0.15711973243435651        5.9158363581232773     
  0.72599999999999998          0.54599338071387837       0.25023036418553551          -8.9799075683541396E-002   5.8254612565988841     
  0.73199999999999998          0.54180040217304215       0.25406963982293168          -2.1856135470214255E-002   5.7327591132069866     
  0.73799999999999999          0.53752471391950896       0.25797044837952177           4.6788043288665371E-002   5.6378733557224097     
  0.74399999999999999          0.53316951889370356       0.26193270129160084          0.11620954873704115        5.5409459023717282     
  0.75000000000000000          0.52873802290229799       0.26595624373448734          0.18648155893101492        5.4421171438381277     
  0.75600000000000001          0.52423343463381389       0.27004085361500607          0.25767429689073840        5.3415259187757087     
  0.76200000000000001          0.51965896549737434       0.27418624062967045          0.32985498418744275        5.2393094830079017     
  0.76800000000000002          0.51501782928515161       0.27839204539614887          0.40308779342049572        5.1356034726241591     
  0.77400000000000002          0.51031324165995029       0.28265783866550476          0.47743379995784707        5.0305418612272685     
  0.78000000000000003          0.50554841947025209       0.28698312062256348          0.55295093332871836        4.9242569116195778     
  0.78600000000000003          0.50072657989589131       0.29136732028158080          0.62969392867045215        4.8168791222500227     
  0.79200000000000004          0.49585093942836261       0.29580979498415400          0.70771427864232184        4.7085371687758251     
  0.79800000000000004          0.49092471269057070       0.30030983000605327          0.78706018622657758        4.5993578411219271     
  0.80400000000000005          0.48595111110159739       0.30486663827933014          0.86777651884258411        4.4894659764483080     
  0.81000000000000005          0.48093334139281002       0.30947936023570399          0.94990476420194714        4.3789843884595303     
  0.81600000000000006          0.47587460398234005       0.31414706377682861           1.0334829883323202        4.2680337935128057     
  0.82200000000000006          0.47077809121562741       0.31886874437658874           1.1185457961945566        4.1567327340000961     
  0.82800000000000007          0.46564698548036215       0.32364332532010964           1.2051242953115384        4.0451974994955666     
  0.83399999999999996          0.46048445720472830       0.32846965808362782           1.2932460628185174        3.9335420461734216     
  0.83999999999999997          0.45529366274840566       0.33334652285882710           1.3829351163332682        3.8218779150113686     
  0.84599999999999997          0.45007774219626279       0.33827262922464968           1.4742118890298910        3.7103141493020075     
  0.85199999999999998          0.44483981706511783       0.34324661696897796           1.5670932092835939        3.5989572119992514     
  0.85799999999999998          0.43958298793432143       0.34826705706193894           1.6615922852338478        3.4879109034270659     
  0.86399999999999999          0.43431033201124775       0.35333245278191022           1.7577186945920031        3.3772762798767149     
  0.87000000000000000          0.42902490064303672       0.35844124099462848           1.8554783799947296        3.2671515736129138     
  0.87600000000000000          0.42372971678614507       0.36359179358509558           1.9548736501785502        3.1576321148012880     
  0.88200000000000001          0.41842777244541057       0.36878241904126252           2.0559031872222153        3.0488102558583119     
  0.88800000000000001          0.41312202609440646       0.37401136418775699           2.1585620600733080        2.9407752987104665     
  0.89400000000000002          0.40781540008889955       0.37927681606719937           2.2628417445439242        2.8336134254327661     
  0.90000000000000002          0.40251077808516833       0.38457690396592792           2.3687301499262716        2.7274076327161989     
  0.90600000000000003          0.39721100247484870       0.38990970158025273           2.4762116523452278        2.6222376705921722     
  0.91200000000000003          0.39191887184779500       0.39527322931865039           2.5852671349286087        2.5181799858160350     
  0.91800000000000004          0.38663713849423276       0.40066545673463744           2.6958740348403154        2.4153076702858689     
  0.92400000000000004          0.38136850595718708       0.40608430508439541           2.8080063971841698        2.3136904148423554     
  0.93000000000000005          0.37611562664583281       0.41152765000259417           2.9216349357497133        2.2133944687651308     
  0.93600000000000005          0.37088109952002607       0.41699332428924646           3.0367271005339198        2.1144826052480150     
  0.94200000000000006          0.36566746785581727       0.42247912079987249           3.1532471519365135        2.0170140931013343     
  0.94800000000000006          0.36047721710127800       0.42798279543071321           3.2711562414901314        1.9210446748943335     
  0.95400000000000007          0.35531277283141138       0.43350207019025061           3.3904124989515978        1.8266265517142397     
  0.95999999999999996          0.35017649881036272       0.43903463634785272           3.5109711255460567        1.7338083746817743     
  0.96599999999999997          0.34507069516852340       0.44457815764996284           3.6327844931233537        1.6426352433256994     
  0.97199999999999998          0.33999759670148300       0.45013027359392738           3.7558022489538097        1.5531487108812003     
  0.97799999999999998          0.33495937129711134       0.45568860274925427           3.8799714258620259        1.4653867965401313     
  0.98399999999999999          0.32995811849636636       0.46125074611587019           4.0052365573687192        1.3793840046438115     
  0.98999999999999999          0.32499586819270915       0.46681429050877821           4.1315397974855523        1.2951713507730815     
  0.99600000000000000          0.32007457947428730       0.47237681195838993           4.2588210447848063        1.2127763946549281     
   1.0020000000000000          0.31519613961232179       0.47793587911575758           4.3870180703443546        1.1322232797706056     
   1.0080000000000000          0.31036236319839577       0.48348905665193037           4.5160666491510568        1.0535327795176403     
   1.0140000000000000          0.30557499143261718       0.48903390864071949           4.6459006945290895       0.97672234974618277     
   1.0200000000000000          0.30083569156390566       0.49456800191426870           4.7764523951479525       0.90180618746123908     
   1.0260000000000000          0.29614605648293557       0.50008890938100803           4.9076523541539023       0.82879529545395147     
   1.0320000000000000          0.29150760446757956       0.50559421329578713           5.0394297299619755       0.75769755259983995     
   1.0380000000000000          0.28692177908001287       0.51108150847226252           5.1717123782411480       0.68851778953825260     
   1.0440000000000000          0.28238994921398974       0.51654840542794789           5.3044269946234364       0.62125786942603867     
   1.0500000000000000          0.27791340929017494       0.52199253345270158           5.4374992576690602       0.55591677343955404     
   1.0560000000000000          0.27349337959681502       0.52741154359184905           5.5708539716238699       0.49249069068309304     
   1.0620000000000001          0.26913100677247542       0.53280311153559345           5.7044152085111595       0.43097311214722112     
   1.0680000000000001          0.26482736442703625       0.53816494040685692           5.8381064491094961       0.37135492834965067     
   1.0740000000000001          0.26058345389665016       0.54349476344023351           5.9718507223793811       0.31362453028211146     
   1.0800000000000001          0.25640020512791856       0.54879034654526793           6.1055707429154022       0.25776791328032900     
   1.0860000000000001          0.25227847768612560       0.55404949074787868           6.2391890460160164       0.20376878343009164     
   1.0920000000000001          0.24821906188200540       0.55927003450432278           6.3726281199811741       0.15160866612091795     
   1.0980000000000001          0.24422268001119374       0.56444985588272412           6.5058105352673117       0.10126701635952262     
   1.1040000000000001          0.24028998770022425       0.56958687460780966           6.6386590701505064        5.2721330458140869E-002
   1.1100000000000001          0.23642157535270203       0.57467905396513996           6.7710968325711374        5.9472587180540160E-003
   1.1160000000000001          0.23261796968907705       0.57972440256174540           6.9030473778568018       -3.9081281264703449E-002
   1.1220000000000001          0.22887963537329700       0.58472097594072925           7.0344348220458368       -8.2391991034866940E-002
   1.1280000000000001          0.22520697671949499       0.58966687804802398           7.1651839505585606      -0.12401407780809315     
   1.1340000000000001          0.22160033947180133       0.59456026255011563           7.2952203219900733      -0.16397814143634459     
   1.1400000000000001          0.21806001265032857       0.59939933400216228           7.4244703668253162      -0.20231606213556041     
   1.1460000000000001          0.21458623045638428       0.60418234886653721           7.5528614809037729      -0.23906088928753189     
   1.1520000000000001          0.21117917422999943       0.60890761638239665           7.6803221134882262      -0.27424673161194946     
   1.1579999999999999          0.20783897445293395       0.61357349928744975           7.8067818498195889      -0.30790864898684944     
   1.1639999999999999          0.20456571279041899       0.61817841439362831           7.9321714880655740      -0.34008254617849065     
   1.1699999999999999          0.20135942416502897       0.62272083301888370           8.0564231105983062      -0.37080506872224195     
   1.1759999999999999          0.19822009885622946       0.62719928127780700           8.1794701495609914      -0.40011350117736422     
   1.1819999999999999          0.19514768461932921       0.63161234023423884           8.3012474467092154      -0.42804566795887578     
   1.1879999999999999          0.19214208881777040       0.63595864591945761           8.4216913075365323      -0.45463983692991761     
   1.1940000000000000          0.18920318056290389       0.64023688921992661           8.5407395497175393      -0.47993462591809921     
   1.2000000000000000          0.18633079285564630       0.64444581563894965           8.6583315459238186      -0.50396891229953944     
   1.2060000000000000          0.18352472472465917       0.64858422493691037           8.7744082610891425      -0.52678174577486914     
   1.2120000000000000          0.18078474335595998       0.65265097065507782           8.8889122842209982      -0.54841226444156721     
   1.2180000000000000          0.17811058620914894       0.65664495952821056           9.0017878548735126      -0.56889961424865110     
   1.2240000000000000          0.17550196311571609       0.66056515079144229           9.1129808844149718      -0.58828287190066364     
   1.2300000000000000          0.17295855835518295       0.66441055538711880           9.2224389722388977      -0.60660097126052115     
   1.2360000000000000          0.17048003270512049       0.66818023507742597           9.3301114170829411      -0.62389263328283517     
   1.2420000000000000          0.16806602546138150       0.67187330146879698           9.4359492236328535      -0.64019629949341494     
   1.2480000000000000          0.16571615642517215       0.67548891495417618           9.5399051046012389      -0.65555006901437807     
   1.2540000000000000          0.16343002785388083       0.67902628357931216           9.6419334784815298      -0.66999163911946891     
   1.2600000000000000          0.16120722637286625       0.68248466183929501           9.7419904631866778      -0.68355824929031606     
   1.2660000000000000          0.15904732484568565       0.68586334941157501           9.8400338657908151      -0.69628662873060065     
   1.2720000000000000          0.15694988420052083       0.68916168983170512           9.9360231685984051      -0.70821294728326745     
   1.2780000000000000          0.15491445521082306       0.69237906911802638           10.029919511770991      -0.71937276968450803     
   1.2840000000000000          0.15294058022845558       0.69551491435145529           10.121685672746370      -0.72980101307754941     
   1.2900000000000000          0.15102779486786147       0.69856869221648676           10.211286042687910      -0.73953190770005239     
   1.2960000000000000          0.14917562964001810       0.70153990750942352           10.298686600203556      -0.74859896065051235     
   1.3020000000000000          0.14738361153516868       0.70442810161974423           10.383854882575974      -0.75703492263096939     
   1.3080000000000001          0.14565126555353261       0.70723285099041555           10.466759954744060      -0.76487175755740822     
   1.3140000000000001          0.14397811618339926       0.70995376556280121           10.547372376276366      -0.77214061492272501     
   1.3200000000000001          0.14236368882619785       0.71259048721169516           10.625664166574321      -0.77887180479275475     
   1.3260000000000001          0.14080751116831183       0.71514268817584092           10.701608768540954      -0.78509477531164729     
   1.3320000000000001          0.13930911449957112       0.71761006948913386           10.775181010947268      -0.79083809258967186     
   1.3380000000000001          0.13786803497850297       0.71999235941753770           10.846357069724805      -0.79612942284399857     
   1.3440000000000001          0.13648381484456068       0.72228931190655876           10.915114428407611      -0.80099551666159563     
   1.3500000000000001          0.13515600357767266       0.72450070504394304           10.981431837942445      -0.80546219525202822     
   1.3560000000000001          0.13388415900556530       0.72662633954206912           11.045289276079492      -0.80955433855814585     
   1.3620000000000001          0.13266784835941106       0.72866603724432077           11.106667906550278      -0.81329587509260204     
   1.3680000000000001          0.13150664927844105       0.73061963965952803           11.165550038232933      -0.81670977336923478     
   1.3740000000000001          0.13040015076423139       0.73248700652837351           11.221919084497518      -0.81981803480007809     
   1.3800000000000001          0.12934795408543856       0.73426801442546052           11.275759522917564      -0.82264168793050407     
   1.3860000000000001          0.12834967363380873       0.73596255540055577           11.327056855526225      -0.82520078388776730     
   1.3920000000000001          0.12740493773232328       0.73757053566232145           11.375797569787750      -0.82751439292118389     
   1.3980000000000001          0.12651338939637694       0.73909187430765455           11.421969100447416      -0.82960060191553353     
   1.4040000000000001          0.12567468704889878       0.74052650209958681           11.465559792414828      -0.83147651276323353     
   1.4099999999999999          0.12488850519034109       0.74187436029648535           11.506558864827788      -0.83315824148475981     
   1.4159999999999999          0.12415453502445865       0.74313539953513241           11.544956376435380      -0.83466091799157471     
   1.4219999999999999          0.12347248504079388       0.74430957877008941           11.580743192431346      -0.83599868639027397     
   1.4279999999999999          0.12284208155476856       0.74539686427155227           11.613910952860060      -0.83718470573196102     
   1.4339999999999999          0.12226306920625800       0.74639722868377356           11.644452042709755      -0.83823115111594193     
   1.4399999999999999          0.12173521141749297       0.74731065014592435           11.672359563798857      -0.83914921506257167     
   1.4460000000000000          0.12125829081109972       0.74813711147713946           11.697627308554132      -0.83994910907525933     
   1.4520000000000000          0.12083210958904357       0.74887659942731433           11.720249735769926      -0.84064006531823088     
   1.4580000000000000          0.12045648987319318       0.74952910399507455           11.740221948431131      -0.84123033834173988     
   1.4640000000000000          0.12013127400816982       0.75009461781419551           11.757539673673179      -0.84172720679343671     
   1.4700000000000000          0.11985632482708861       0.75057313560960337           11.772199244945579      -0.84213697506000296     
   1.4760000000000000          0.11963152588073461       0.75096465372393406           11.784197586436600      -0.84246497479020288     
   1.4820000000000000          0.11945678163065361       0.75126916971551660           11.793532199809645      -0.84271556625626953     
   1.4880000000000000          0.11933201760656661       0.75148668202847835           11.800201153293543      -0.84289213951753839     
   1.4940000000000000          0.11925718052844812       0.75161718973556713           11.804203073161242      -0.84299711535649280     
   1.5000000000000000          0.11923223839353374       0.75166069235412880           11.805537137624199      -0.84303194596388087     
   1.5060000000000000          0.11925718052844761       0.75161718973556779           11.804203073161240      -0.84299711535649768     
   1.5120000000000000          0.11933201760656550       0.75148668202847968           11.800201153293539      -0.84289213951754949     
   1.5180000000000000          0.11945678163065206       0.75126916971551871           11.793532199809663      -0.84271556625627220     
   1.5240000000000000          0.11963152588073254       0.75096465372393728           11.784197586436601      -0.84246497479021576     
   1.5300000000000000          0.11985632482708600       0.75057313560960714           11.772199244945599      -0.84213697506001362     
   1.5360000000000000          0.12013127400816682       0.75009461781420039           11.757539673673199      -0.84172720679344959     
   1.5420000000000000          0.12045648987318971       0.74952910399507988           11.740221948431163      -0.84123033834175454     
   1.5480000000000000          0.12083210958903966       0.74887659942732099           11.720249735769958      -0.84064006531825175     
   1.5540000000000000          0.12125829081109536       0.74813711147714712           11.697627308554161      -0.83994910907528730     
   1.5600000000000001          0.12173521141748808       0.74731065014593234           11.672359563798896      -0.83914921506259743     
   1.5660000000000001          0.12226306920625270       0.74639722868378255           11.644452042709796      -0.83823115111597568     
   1.5720000000000001          0.12284208155476278       0.74539686427156193           11.613910952860124      -0.83718470573199166     
   1.5780000000000001          0.12347248504078756       0.74430957877009929           11.580743192431424      -0.83599868639030372     
   1.5840000000000001          0.12415453502445195       0.74313539953514329           11.544956376435477      -0.83466091799160225     
   1.5900000000000001          0.12488850519033409       0.74187436029649723           11.506558864827912      -0.83315824148477624     
   1.5960000000000001          0.12567468704889148       0.74052650209959969           11.465559792414979      -0.83147651276324375     
   1.6020000000000001          0.12651338939636933       0.73909187430766821           11.421969100447585      -0.82960060191554019     
   1.6080000000000001          0.12740493773231537       0.73757053566233588           11.375797569787949      -0.82751439292117901     
   1.6140000000000001          0.12834967363380043       0.73596255540057132           11.327056855526468      -0.82520078388774643     
   1.6200000000000001          0.12934795408542993       0.73426801442547662           11.275759522917838      -0.82264168793047432     
   1.6260000000000001          0.13040015076422234       0.73248700652839061           11.221919084497809      -0.81981803480004434     
   1.6320000000000001          0.13150664927843170       0.73061963965954635           11.165550038233247      -0.81670977336920014     
   1.6380000000000001          0.13266784835940126       0.72866603724433987           11.106667906550626      -0.81329587509255807     
   1.6440000000000001          0.13388415900555506       0.72662633954208922           11.045289276079869      -0.80955433855809522     
   1.6500000000000001          0.13515600357766211       0.72450070504396413           10.981431837942877      -0.80546219525195584     
   1.6560000000000001          0.13648381484454963       0.72228931190658119           10.915114428408067      -0.80099551666151569     
   1.6620000000000001          0.13786803497849154       0.71999235941756112           10.846357069725313      -0.79612942284389909     
   1.6679999999999999          0.13930911449955929       0.71761006948915851           10.775181010947822      -0.79083809258955551     
   1.6739999999999999          0.14080751116829954       0.71514268817586668           10.701608768541544      -0.78509477531151717     
   1.6799999999999999          0.14236368882618503       0.71259048721172225           10.625664166574966      -0.77887180479260376     
   1.6859999999999999          0.14397811618338596       0.70995376556282941           10.547372376277037      -0.77214061492256514     
   1.6919999999999999          0.14565126555351882       0.70723285099044497           10.466759954744767      -0.76487175755723769     
   1.6980000000000000          0.14738361153515456       0.70442810161977454           10.383854882576740      -0.75703492263077266     
   1.7040000000000000          0.14917562964000378       0.70153990750945516           10.298686600204363      -0.74859896065030052     
   1.7100000000000000          0.15102779486784693       0.69856869221651952           10.211286042688755      -0.73953190769983168     
   1.7160000000000000          0.15294058022844081       0.69551491435148916           10.121685672747260      -0.72980101307731138     
   1.7220000000000000          0.15491445521080802       0.69237906911806146           10.029919511771912      -0.71937276968426200     
   1.7280000000000000          0.15694988420050562       0.68916168983174197           9.9360231685993945      -0.70821294728299167     
   1.7340000000000000          0.15904732484567019       0.68586334941161275           9.8400338657918578      -0.69628662873030578     
   1.7400000000000000          0.16120722637285062       0.68248466183933443           9.7419904631877827      -0.68355824929000164     
   1.7460000000000000          0.16343002785386498       0.67902628357935313           9.6419334784826933      -0.66999163911912785     
   1.7520000000000000          0.16571615642515605       0.67548891495421837           9.5399051046024645      -0.65555006901401214     
   1.7580000000000000          0.16806602546136529       0.67187330146884083           9.4359492236341183      -0.64019629949304591     
   1.7640000000000000          0.17048003270510406       0.66818023507747115           9.3301114170842538      -0.62389263328245237     
   1.7700000000000000          0.17295855835516627       0.66441055538716509           9.2224389722402673      -0.60660097126011303     
   1.7760000000000000          0.17550196311569916       0.66056515079149014           9.1129808844163804      -0.58828287190024753     
   1.7820000000000000          0.17811058620913175       0.65664495952826019           9.0017878548749906      -0.56889961424820923     
   1.7880000000000000          0.18078474335594252       0.65265097065512911           8.8889122842225099      -0.54841226444112712     
   1.7940000000000000          0.18352472472464143       0.64858422493696299           8.7744082610907075      -0.52678174577440107     
   1.8000000000000000          0.18633079285562837       0.64444581563900372           8.6583315459254528      -0.50396891229904384     
   1.8060000000000000          0.18920318056288557       0.64023688921998190           8.5407395497192429      -0.47993462591756497     
   1.8120000000000001          0.19214208881775188       0.63595864591951357           8.4216913075382855      -0.45463983692935717     
   1.8180000000000001          0.19514768461931051       0.63161234023429635           8.3012474467110202      -0.42804566795828691     
   1.8240000000000001          0.19822009885621031       0.62719928127786606           8.1794701495628548      -0.40011350117673983     
   1.8300000000000001          0.20135942416500952       0.62272083301894432           8.0564231106002104      -0.37080506872159713     
   1.8360000000000001          0.20456571279039920       0.61817841439368992           7.9321714880675218      -0.34008254617782008     
   1.8420000000000001          0.20783897445291374       0.61357349928751204           7.8067818498215811      -0.30790864898615311     
   1.8480000000000001          0.21117917422997881       0.60890761638246005           7.6803221134902619      -0.27424673161123270     
   1.8540000000000001          0.21458623045636316       0.60418234886660105           7.5528614809058512      -0.23906088928678937     
   1.8600000000000001          0.21806001265030725       0.59939933400222667           7.4244703668274337      -0.20231606213479125     
   1.8660000000000001          0.22160033947177962       0.59456026255018046           7.2952203219922351      -0.16397814143554701     
   1.8720000000000001          0.22520697671947321       0.58966687804808937           7.1651839505607748      -0.12401407780726270     
   1.8780000000000001          0.22887963537327505       0.58472097594079508           7.0344348220480990       -8.2391991034011625E-002
   1.8840000000000001          0.23261796968905471       0.57972440256181179           6.9030473778590959       -3.9081281263825929E-002
   1.8900000000000001          0.23642157535267946       0.57467905396520702           6.7710968325734813        5.9472587189590698E-003
   1.8960000000000001          0.24028998770020146       0.56958687460787749           6.6386590701529080        5.2721330459079674E-002
   1.9020000000000001          0.24422268001117040       0.56444985588279251           6.5058105352697480       0.10126701636048185     
   1.9080000000000001          0.24821906188198176       0.55927003450439206           6.3726281199836530       0.15160866612190294     
   1.9140000000000001          0.25227847768610151       0.55404949074794796           6.2391890460185451       0.20376878343110416     
   1.9199999999999999          0.25640020512789408       0.54879034654533754           6.1055707429179726       0.25776791328136373     
   1.9259999999999999          0.26058345389662529       0.54349476344030367           5.9718507223820012       0.31362453028317816     
   1.9319999999999999          0.26482736442701071       0.53816494040692764           5.8381064491121579       0.37135492835074224     
   1.9379999999999999          0.26913100677244961       0.53280311153566384           5.7044152085138835       0.43097311214834466     
   1.9440000000000000          0.27349337959678865       0.52741154359192033           5.5708539716266472       0.49249069068424767     
   1.9500000000000000          0.27791340929014807       0.52199253345277308           5.4374992576718775       0.55591677344072998     
   1.9560000000000000          0.28238994921396254       0.51654840542801983           5.3044269946262732       0.62125786942721906     
   1.9620000000000000          0.28692177907998506       0.51108150847233513           5.1717123782440453       0.68851778953947651     
   1.9680000000000000          0.29150760446755125       0.50559421329585985           5.0394297299649189       0.75769755260109850     
   1.9740000000000000          0.29614605648290676       0.50008890938108097           4.9076523541568831       0.82879529545523667     
   1.9800000000000000          0.30083569156387635       0.49456800191434158           4.7764523951509759       0.90180618746255448     
   1.9860000000000000          0.30557499143258710       0.48903390864079288           4.6459006945321528       0.97672234974753280     
   1.9920000000000000          0.31036236319836491       0.48348905665200415           4.5160666491541530        1.0535327795190188     
   1.9980000000000000          0.31519613961229037       0.47793587911583141           4.3870180703475121        1.1322232797720240     
   2.0040000000000000          0.32007457947425522       0.47237681195846409           4.2588210447879913        1.2127763946563679     
   2.0100000000000002          0.32499586819267623       0.46681429050885287           4.1315397974887702        1.2951713507745524     
   2.0160000000000000          0.32995811849633305       0.46125074611594502           4.0052365573719575        1.3793840046452983     
   2.0220000000000002          0.33495937129707748       0.45568860274932982           3.8799714258653060        1.4653867965416536     
   2.0280000000000000          0.33999759670144869       0.45013027359400332           3.7558022489571190        1.5531487108827573     
   2.0340000000000003          0.34507069516848832       0.44457815765003844           3.6327844931266977        1.6426352433272982     
   2.0400000000000000          0.35017649881032692       0.43903463634792883           3.5109711255494496        1.7338083746834236     
   2.0460000000000003          0.35531277283137497       0.43350207019032677           3.3904124989550137        1.8266265517159219     
   2.0520000000000000          0.36047721710124081       0.42798279543078865           3.2711562414935953        1.9210446748960663     
   2.0579999999999998          0.36566746785577908       0.42247912079994754           3.1532471519399925        2.0170140931030991     
   2.0640000000000001          0.37088109951998693       0.41699332428932068           3.0367271005374317        2.1144826052498180     
   2.0699999999999998          0.37611562664579290       0.41152765000266783           2.9216349357532501        2.2133944687669711     
   2.0760000000000001          0.38136850595714600       0.40608430508446830           2.8080063971877234        2.3136904148442259     
   2.0819999999999999          0.38663713849419085       0.40066545673470949           2.6958740348438708        2.4153076702877625     
   2.0880000000000001          0.39191887184775231       0.39527322931872183           2.5852671349321934        2.5181799858179676     
   2.0939999999999999          0.39721100247480545       0.38990970158032345           2.4762116523488311        2.6222376705941439     
   2.1000000000000001          0.40251077808512498       0.38457690396599786           2.3687301499299105        2.7274076327182266     
   2.1059999999999999          0.40781540008885575       0.37927681606726837           2.2628417445475728        2.8336134254348213     
   2.1120000000000001          0.41312202609436266       0.37401136418782532           2.1585620600769628        2.9407752987125608     
   2.1179999999999999          0.41842777244536683       0.36878241904133002           2.0559031872258950        3.0488102558604631     
   2.1240000000000001          0.42372971678610150       0.36359179358516286           1.9548736501822557        3.1576321148034960     
   2.1299999999999999          0.42902490064299326       0.35844124099469510           1.8554783799984413        3.2671515736151555     
   2.1360000000000001          0.43431033201120472       0.35333245278197656           1.7577186945957290        3.3772762798790055     
   2.1419999999999999          0.43958298793427825       0.34826705706200484           1.6615922852375871        3.4879109034294036     
   2.1480000000000001          0.44483981706507464       0.34324661696904368           1.5670932092873526        3.5989572120016389     
   2.1539999999999999          0.45007774219621988       0.33827262922471468           1.4742118890336675        3.7103141493044403     
   2.1600000000000001          0.45529366274836292       0.33334652285889205           1.3829351163370642        3.8218779150138493     
   2.1659999999999999          0.46048445720468573       0.32846965808369227           1.2932460628223268        3.9335420461759547     
   2.1720000000000002          0.46564698548031974       0.32364332532017354           1.2051242953153682        4.0451974994981583     
   2.1779999999999999          0.47077809121558556       0.31886874437665219           1.1185457961984220        4.1567327340027589     
   2.1840000000000002          0.47587460398229853       0.31414706377689178           1.0334829883362158        4.2680337935155368     
   2.1899999999999999          0.48093334139276883       0.30947936023576694          0.94990476420586312        4.3789843884623192     
   2.1960000000000002          0.48595111110155637       0.30486663827939253          0.86777651884653739        4.4894659764511680     
   2.2020000000000000          0.49092471269053017       0.30030983000611555          0.78706018623053797        4.5993578411248235     
   2.2080000000000002          0.49585093942832237       0.29580979498421572          0.70771427864630443        4.7085371687787774     
   2.2140000000000000          0.50072657989585134       0.29136732028164175          0.62969392867446583        4.8168791222530425     
   2.2200000000000002          0.50554841947021234       0.28698312062262377          0.55295093333273648        4.9242569116226313     
   2.2260000000000000          0.51031324165991077       0.28265783866556426          0.47743379996187496        5.0305418612303612     
   2.2320000000000002          0.51501782928511231       0.27839204539620782          0.40308779342454315        5.1356034726273077     
   2.2380000000000000          0.51965896549733526       0.27418624062972857          0.32985498419152126        5.2393094830111204     
   2.2440000000000002          0.52423343463377514       0.27004085361506353          0.25767429689484000        5.3415259187789781     
   2.2500000000000000          0.52873802290225946       0.26595624373454435          0.18648155893513163        5.4421171438414397     
   2.2560000000000002          0.53316951889366526       0.26193270129165708          0.11620954874118361        5.5409459023751069     
   2.2620000000000000          0.53752471391947099       0.25797044837957722           4.6788043292832704E-002   5.6378733557258434     
   2.2680000000000002          0.54180040217300518       0.25406963982298625          -2.1856135466023829E-002   5.7327591132104754     
   2.2740000000000000          0.54599338071384151       0.25023036418558897          -8.9799075679333207E-002   5.8254612566024244     
   2.2800000000000002          0.55010044927570156       0.24645264483569537         -0.15711973243014210        5.9158363581268567     
   2.2860000000000000          0.55411840989916161       0.24273644106222483         -0.22389988670265559        6.0037394918326816     
   2.2920000000000003          0.55804406639140092       0.23908164923352893         -0.29022410674158294        6.0890242382517350     
   2.2980000000000000          0.56187422361619133       0.23548810399149611         -0.35617971206766796        6.1715426823008990     
   2.3040000000000003          0.56560568661830479       0.23195557947352566         -0.42185674037864818        6.2511454044298853     
   2.3100000000000001          0.56923525958750121       0.22848379055510101         -0.48734791753381046        6.3276814650648969     
   2.3159999999999998          0.57275974466826973       0.22507239410588953         -0.55274863078587622        6.4009983824496377     
   2.3220000000000001          0.57617594062251809       0.22172099025251660         -0.61815690538907297        6.4709421040354762     
   2.3279999999999998          0.57948064135344324       0.21842912364142233         -0.68367338467365979        6.5373569716272941     
   2.3340000000000001          0.58267063429988242       0.21519628469550137         -0.74940131363847229        6.6000856805450638     
   2.3399999999999999          0.58574269871151663       0.21202191085855018         -0.81544652607068890        6.6589692331192776     
   2.3460000000000001          0.58869360381642055       0.20890538782190082         -0.88191743515850796        6.7138468868965449     
   2.3519999999999999          0.59152010689357748       0.20584605072800533         -0.94892502751706598        6.7645560979923225     
   2.3580000000000001          0.59421895126414737       0.20284318534614815          -1.0165828604995442        6.8109324600909451     
   2.3639999999999999          0.59678686421648663       0.19989602921590607          -1.0850070626161403        6.8528096396577336     
   2.3700000000000001          0.59922055488114467       0.19700377275444678          -1.1543163368306368        6.8900193079965284     
   2.3759999999999999          0.60151671207335911       0.19416556032425000          -1.2246319664504881        6.9223910708550047     
   2.3820000000000001          0.60367200212190308       0.19138049125836745          -1.2960778232691270        6.9497523963541097     
   2.3879999999999999          0.60568306670450933       0.18864762084088363          -1.3687803775594491        6.9719285420939103     
   2.3940000000000001          0.60754652071155857       0.18596596124082346          -1.4428687094558557        6.9887424823670736     
   2.3999999999999999          0.60925895016119702       0.18333448239836331          -1.5184745211968349        7.0000148364944703     
   2.4060000000000001          0.61081691019063344       0.18075211286283377          -1.5957321496323185        7.0055637993837045     
   2.4119999999999999          0.61221692314999521       0.17821774058267945          -1.6747785783291755        7.0052050755015411     
   2.4180000000000001          0.61345547682683665       0.17573021364823094          -1.7557534485337305        6.9987518175460810     
   2.4239999999999999          0.61452902283116950       0.17328834098888324          -1.8387990681730000        6.9860145712026007     
   2.4300000000000002          0.61543397517276233       0.17089089302703342          -1.9240604179949159        6.9668012274706035     
   2.4359999999999999          0.61616670906440141       0.16853660229193496          -2.0116851538635325        6.9409169841566190     
   2.4420000000000002          0.61672355998681860       0.16622416399745921          -2.1018236041363880        6.9081643182403010     
   2.4480000000000000          0.61710082305312275       0.16395223658862990          -2.1946287609597985        6.8683429709369950     
   2.4540000000000002          0.61729475271274492       0.16171944226270860          -2.2902562642212607        6.8212499474025705     
   2.4600000000000000          0.61730156283717375       0.15952436747156540          -2.3888643767994848        6.7666795331506711     
   2.4660000000000002          0.61711742723210661       0.15736556341305982          -2.4906139496484592        6.7044233293840154     
   2.4720000000000000          0.61673848062302483       0.15524154652019945          -2.5956683751458631        6.6342703095743953     
   2.4780000000000002          0.61616082016366891       0.15315079895792091          -2.7041935270261614        6.5560068997633749     
   2.4840000000000000          0.61538050751937534       0.15109176913845992          -2.8163576851053898        6.4694170851969321     
   2.4900000000000002          0.61439357157976904       0.14906287226744591          -2.9323314428897289        6.3742825460487333     
   2.4960000000000000          0.61319601185781203       0.14706249093405616          -3.0522875960422415        6.2703828251313931     
   2.5020000000000002          0.61178380263474386       0.14508897575981111          -3.1764010095636146        6.1574955306385935     
   2.5080000000000000          0.61015289791288452       0.14314064612186686          -3.3048484614239273        6.0353965771035014     
   2.5140000000000002          0.60829923724068091       0.14121579096797110          -3.4378084602634669        5.9038604678997801     
   2.5200000000000000          0.60621875247662471       0.13931266974157505          -3.5754610346647411        5.7626606227457202     
   2.5260000000000002          0.60390737556080032       0.13742951343694168          -3.7179874913839122        5.6115697538015716     
   2.5320000000000000          0.60136104736470142       0.13556452580544398          -3.8655701398219611        5.4503602940687284     
   2.5380000000000003          0.59857572769159906       0.13371588473558976          -4.0183919799143517        5.2788048819070008     
   2.5440000000000000          0.59554740650104843       0.13188174383063850          -4.1766363505256718        5.0966769055776826     
   2.5500000000000003          0.59227211643201083       0.13006023420896282          -4.3404865353552164        4.9037511117932429     
   2.5560000000000000          0.58874594669949787       0.12824946655354219          -4.5101253232937477        4.6998042823035302     
   2.5619999999999998          0.58496505843949043       0.12644753343812945          -4.6857345201229679        4.4846159825714080     
   2.5680000000000001          0.58092570157607459       0.12465251195867956          -4.8674944084228784        4.2579693865794779     
   2.5739999999999998          0.57662423328314394       0.12286246669954602          -5.0555831525503416        4.0196521817616677     
   2.5800000000000001          0.57205713811056114       0.12107545306469608          -5.2501761455803617        3.7694575579608864     
   2.5859999999999999          0.56722104984120081       0.11928952100473773          -5.4514452951638326        3.5071852841715572     
   2.5920000000000001          0.56211277514068136       0.11750271917084655          -5.6595582453575268        3.2326428766257607     
   2.5979999999999999          0.55672931905573564       0.11571309952668410          -5.8746775316284223        2.9456468615179414     
   2.6040000000000001          0.55106791240987785       0.11391872244906129          -6.0969596664322987        2.6460241353263925     
   2.6099999999999999          0.54512604113618446       0.11211766234736566          -6.3265541530198934        2.3336134252741498     
   2.6160000000000001          0.53890147757645612       0.11030801383058847          -6.5636024254416814        2.0082668519669351     
   2.6219999999999999          0.53239231376361773       0.10848789844908698          -6.8082367131085544        1.6698515956452145     
   2.6280000000000001          0.52559699668979365       0.10665547203594586          -7.0605788287286826        1.3182516667816184     
   2.6339999999999999          0.51851436554592423       0.10480893266988640          -7.3207388789861678       0.95336978093644653     
   2.6400000000000001          0.51114369089993628       0.10294652927805166          -7.5888138979614554       0.57512933684494705     
   2.6459999999999999          0.50348471575919684       0.10106657089260439          -7.8648864040231103       0.18347649564266000     
   2.6520000000000001          0.49553769843921958        9.9167436569848152E-002     -8.1490228817496995      -0.22161764206476420     
   2.6579999999999999          0.48730345713420220        9.7247585974466560E-002     -8.4412721913755302      -0.64015476592132714     
   2.6640000000000001          0.47878341605599040        9.5305570624415720E-002     -8.7416639092964701       -1.0721069984450686     
   2.6699999999999999          0.46997965297639771        9.3340045783966402E-002     -9.0502066043250231       -1.5174144582976208     
   2.6760000000000002          0.46089494797358327        9.1349782983346978E-002     -9.3668860556469014       -1.9759827537060239     
   2.6819999999999999          0.45153283314642695        8.9333683133380734E-002     -9.6916634198030618       -2.4476804174500923     
   2.6880000000000002          0.44189764302174311        8.7290790192449619E-002     -10.024473355495900       -2.9323362968634932     
   2.6940000000000000          0.43199456533794162        8.5220305331081797E-002     -10.365222116591372       -3.4297369144545335     
   2.7000000000000002          0.42182969184563779        8.3121601526494185E-002     -10.713785625349242       -3.9396238170149456     
   2.7060000000000000          0.41141006872107788        8.0994238505554664E-002     -11.070007539654203       -4.4616909334417958     
   2.7120000000000002          0.40074374614242836        7.8837977939877804E-002     -11.433697329829325       -4.9955819639270675     
   2.7180000000000000          0.38983982653237692        7.6652798781109630E-002     -11.804628382483187       -5.5408878256584311     
   2.7240000000000002          0.37870851092355684        7.4438912607808924E-002     -12.182536150764664       -6.0971441827032145     
   2.7300000000000000          0.36736114285664062        7.2196778837629483E-002     -12.567116372362314       -6.6638290902895294     
   2.7360000000000002          0.35581024917545201        6.9927119639793478E-002     -12.958023378565318       -7.2403607862144357     
   2.7420000000000000          0.34406957704066404        6.7630934363538883E-002     -13.354868519640895       -7.8260956645163784     
   2.7480000000000002          0.33215412644617376        6.5309513279501547E-002     -13.757218733562739       -8.4203264687037418     
   2.7540000000000000          0.32008017749417084        6.2964450415273959E-002     -14.164595286534105       -9.0222807434877357     
   2.7600000000000002          0.30786531167209141        6.0597655257918527E-002     -14.576472714450958       -9.6311195847567639     
   2.7660000000000000          0.29552842638438792        5.8211363101491678E-002     -14.992277993969067       -10.245936726958568     
   2.7720000000000002          0.28308974203094883        5.5808143844923185E-002     -15.411389969638968       -10.865758004624409     
   2.7780000000000000          0.27057080098943315        5.3390909099686655E-002     -15.833139059502431       -11.489541220472240     
   2.7840000000000003          0.25799445790938413        5.0962917525273085E-002     -16.256807257643302       -12.116176448784747     
   2.7900000000000000          0.24538486059274606        4.8527778245106443E-002     -16.681628458458405       -12.744486810388221     
   2.7960000000000003          0.23276741990684324        4.6089451572688178E-002     -17.106789176156507       -13.373229808414862     
   2.8020000000000000          0.22016876447263758        4.3652244057210902E-002     -17.506757918785897       -13.976427509477437     
   2.8080000000000003          0.20761705477275461        4.1220868842462115E-002     -17.560369593674029       -14.232445874126514     
   2.8140000000000001          0.19514649204719003        3.8801356908572317E-002     -17.171114730339884       -14.044212026683605     
   2.8199999999999998          0.18279728514529467        3.6401058674742463E-002     -16.344846041515385       -13.416921511277451     
   2.8260000000000001          0.17061388904646760        3.4028298371842368E-002     -15.091110627339527       -12.359398813076263     
   2.8319999999999999          0.15864326811194535        3.1692033200778159E-002     -13.423110801671481       -10.884086102732400     
   2.8380000000000001          0.14693322610762330        2.9401523171038071E-002     -11.357629514923511       -9.0069954555297702     
   2.8439999999999999          0.13553084628076195        2.7166019001235241E-002     -8.9149201235615045       -6.7476235773611002     
   2.8500000000000001          0.12448108209333794        2.4994475953497890E-002     -6.1185605861888863       -4.1288284628326526     
   2.8559999999999999          0.11382553336029956        2.2895300916635036E-002     -2.9952726095277029       -1.1766679601435115     
   2.8620000000000001          0.10360143442495839        2.0876138712374506E-002     0.42529321248820295        2.0797991272043177     
   2.8679999999999999           9.3840871556929301E-002   1.8943701807047200E-002      4.1108046673420695        5.6087480627598829     
   2.8740000000000001           8.4570236809051513E-002   1.7103645626166900E-002      8.0265254436373183        9.3758572676732221     
   2.8799999999999999           7.5809915822467613E-002   1.5360489665211214E-002      12.135620213517850        13.344608737001618     
   2.8860000000000001           6.7574198111812964E-002   1.3717582690337005E-002      16.399484105611261        17.476616414342285     
   2.8919999999999999           5.9871390679196217E-002   1.2177108638378290E-002      20.778092978890388        21.731978619973592     
   2.8980000000000001           5.2704109787705809E-002   1.0740128484274978E-002      25.230370573810742        26.069650200114005     
   2.9039999999999999           4.6069721684756683E-002   9.4066525134538347E-003      29.714568382767574        30.447829766398527     
   2.9100000000000001           3.9960901235273426E-002   8.1757373209501473E-003      34.188653963271598        34.824357241735612     
   2.9159999999999999           3.4366277900120527E-002   7.0456026306474958E-003      38.610703424929788        39.157116930471794     
   2.9220000000000002           2.9271141051995398E-002   6.0137646258843231E-003      42.939293947415486        43.404441476067518     
   2.9279999999999999           2.4658180354457378E-002   5.0771842291312281E-003      47.133892378004361        47.525512300620136     
   2.9340000000000002           2.0508239812881988E-002   4.2324289031900851E-003      51.155236083965789        51.480752302250423     
   2.9399999999999999           1.6801062969343396E-002   3.4758421831347090E-003      54.965702087493099        55.232206503291586     
   2.9460000000000002           1.3515998849883677E-002   2.8037038592738147E-003      58.529659911415081        58.743905811287021     
   2.9520000000000000           1.0632626347133583E-002   2.2123484378594430E-003      61.813802709703005        61.982208267935448     
   2.9580000000000002           8.1312547906663181E-003   1.6982064798150710E-003      64.787451280334722        64.916112246587630     
   2.9640000000000000           5.9933016844401594E-003   1.2577739723575114E-003      67.422828646109423        67.517539200377485     
   2.9700000000000002           4.2016447327854782E-003   8.8760883961959685E-004      69.695309725620433        69.761590443502243     
   2.9760000000000000           2.7410545446815496E-003   5.8446118413384748E-004      71.583651411380671        71.626783278603682     
   2.9820000000000002           1.5982841862796609E-003   3.4511201458457716E-004      73.070171429198581        73.095234872639494     
   2.9880000000000000           7.6024570931145505E-004   1.6434728195519817E-004      74.140764306873550        74.152682275424013     
   2.9940000000000002           2.1335712752276116E-004   3.4144485890866256E-005      74.784968660212868        74.788552913046516     
   3.0000000000000000           0.0000000000000000        0.0000000000000000          -24.948431079824001       -24.993319767673803     
