200     ! number of entries nq
0.05    ! delta q

! Description of entries: q, LAA, LAB, LBB
   
5.0000000745058060E-002 0.56173199034771881 0.13768489198101524 0.16206576536597531
0.10000000149011612 0.56044690528025953 0.13724309282694733 0.16174456529730166
0.15000000223517418 0.55831183191214317 0.13651299734322167 0.16121617151770423
0.20000000298023224 0.55534877108192882 0.13550183912647865 0.16048280741662579
0.25000000372529030 0.55158456578036530 0.13421988251846803 0.15955022901231655
0.30000000447034836 0.54705241250280134 0.13268013577670407 0.15842578625918621
0.35000000521540642 0.54179151226392352 0.13089802162220371 0.15711819783307787
0.40000000596046448 0.53584651454372856 0.12889098037977226 0.15563747345315790
0.45000000670552254 0.52926678314976272 0.12667812572392767 0.15399475806054677
0.50000000745058060 0.52210549916496274 0.12427997616725982 0.15220207760089433
0.55000000819563866 0.51441889893970316 0.12171801207708721 0.15027223923977279
0.60000000894069672 0.50626529907689599 0.11901443145189142 0.14821852764405757
0.65000000968575478 0.49770441213537109 0.11619162831537634 0.14605469590439177
0.70000001043081284 0.48879640625241805 0.11327197677129092 0.14379466166699192
0.75000001117587090 0.47960119037091736 0.11027745136359320 0.14145240892812114
0.80000001192092896 0.47017769835324491 0.10722934057115799 0.13904183033336429
0.85000001266598701 0.46058320247768569 0.10414803823244448 0.13657653390718313
0.90000001341104507 0.45087277796055736 0.10105278038498174 0.13406977958325253
0.95000001415610313 0.44109879159192789 9.7961499907482263E-002 0.13153432412038280
1.0000000149011612 0.43131052428566713 9.4890666081080252E-002 0.12898235578559183
1.0500000156462193 0.42155385011162666 9.1855181411706205E-002 0.12642542258085679
1.1000000163912773 0.41187096371788762 8.8868363523369381E-002 0.12387432549107705
1.1500000171363354 0.40230028178187133 8.5941852616654699E-002 0.12133914304525462
1.2000000178813934 0.39287630597872020 8.3085680258368141E-002 0.11882913708932938
1.2500000186264515 0.38362965063200960 8.0308243546001842E-002 0.11635278730524772
1.3000000193715096 0.37458704690767702 7.7616404767295491E-002 0.11391775422733236
1.3500000201165676 0.36577147669562365 7.5015530793795498E-002 0.11153091046046602
1.4000000208616257 0.35720225952607154 7.2509637760424378E-002 0.10919831926665173
1.4500000216066837 0.34889526343809329 7.0101416348218676E-002 0.10692531379773428
1.5000000223517418 0.34086307693641382 6.7792407955472589E-002 0.10471647681360444
1.5500000230967999 0.33311527667008528 6.5583078370368864E-002 0.10257571852194947
1.6000000238418579 0.32565861587853251 6.3472960556497038E-002 0.10050628033303194
1.6500000245869160 0.31849728673196614 6.1460755138706649E-002 9.8510805018559452E-002
1.7000000253319740 0.31163317714415395 5.9544449107918347E-002 9.6591365275933663E-002
1.7500000260770321 0.30506610000790674 5.7721420133122398E-002 9.4749524947662381E-002
1.8000000268220901 0.29879403860334397 5.5988551289670410E-002 9.2986362892439708E-002
1.8500000275671482 0.29281337804301466 5.4342319750954875E-002 9.1302529895976842E-002
1.9000000283122063 0.28711915514561315 5.2778878809323311E-002 8.9698292463242374E-002
1.9500000290572643 0.28170523723476087 5.1294148410224727E-002 8.8173576092631809E-002
2.0000000298023224 0.27656451748284233 4.9883886814017106E-002 8.6727994641558906E-002
2.0500000305473804 0.27168912778609278 4.8543759535150201E-002 8.5360900084042166E-002
2.1000000312924385 0.26707058287970553 4.7269382199896640E-002 8.4071410471018113E-002
2.1500000320374966 0.26269993801359787 4.6056373814653155E-002 8.2858453092692866E-002
2.2000000327825546 0.25856793860305072 4.4900408125994336E-002 8.1720784810078384E-002
2.2500000335276127 0.25466511239732670 4.3797252211380679E-002 8.0657006322168170E-002
2.3000000342726707 0.25098187534630073 4.2742784798781221E-002 7.9665601255184099E-002
2.3500000350177288 0.24750869074189086 4.1733029919061783E-002 7.8744965574922360E-002
2.4000000357627869 0.24423606589097480 4.0764151775760621E-002 7.7893428649170857E-002
2.4500000365078449 0.24115466280496067 3.9832503324783539E-002 7.7109241002514955E-002
2.5000000372529030 0.23825534601051160 3.8934617798220501E-002 7.6390618837584426E-002
2.5500000379979610 0.23552921988959125 3.8067222305645465E-002 7.5735738671751721E-002
2.6000000387430191 0.23296767328461310 3.7227238196182115E-002 7.5142759003827969E-002
2.6500000394880772 0.23056239480523469 3.6411786248038654E-002 7.4609820445171254E-002
2.7000000402331352 0.22830540185676049 3.5618183177082097E-002 7.4135057146175409E-002
2.7500000409781933 0.22618904060259476 3.4843952537519950E-002 7.3716601477123528E-002
2.8000000417232513 0.22420603382712620 3.4086754090500472E-002 7.3352603397311728E-002
2.8500000424683094 0.22234932480345995 3.3344616191775742E-002 7.3041156611345581E-002
2.9000000432133675 0.22061235868836029 3.2615501059048813E-002 7.2780444662894225E-002
2.9500000439584255 0.21898879944352231 3.1897715890069199E-002 7.2568604386437377E-002
3.0000000447034836 0.21747265397294421 3.1189701120375384E-002 7.2403792609428363E-002
3.0500000454485416 0.21605823222671888 3.0490065985086901E-002 7.2284172110889666E-002
3.1000000461935997 0.21474013287682561 2.9797582337860548E-002 7.2207910799900799E-002
3.1500000469386578 0.21351322884224586 2.9111174335715504E-002 7.2173182183264892E-002
3.2000000476837158 0.21237264050609805 2.8429931104078741E-002 7.2178157370985638E-002
3.2500000484287739 0.21131373753582611 2.7753060342530070E-002 7.2221017075869295E-002
3.3000000491738319 0.21033212345773089 2.7079932413369485E-002 7.2299933029065858E-002
3.3500000499188900 0.20942357485619914 2.6410038738526664E-002 7.2413079952625262E-002
3.4000000506639481 0.20858407020995409 2.5742992638545355E-002 7.2558630950502231E-002
3.4500000514090061 0.20780949466102944 2.5078593592869625E-002 7.2734538751533309E-002
3.5000000521540642 0.20709716470427320 2.4416493122959453E-002 7.2939613091501029E-002
3.5500000528991222 0.20644252310097425 2.3756850616902386E-002 7.3171363950751120E-002
3.6000000536441803 0.20584256055965688 2.3099645381105118E-002 7.3428184104635613E-002
3.6500000543892384 0.20529401748681839 2.2445030356775270E-002 7.3708212300359788E-002
3.7000000551342964 0.20479373022654249 2.1793250180628845E-002 7.4009609403969931E-002
3.7500000558793545 0.20433881957703273 2.1144593460326370E-002 7.4330539770440934E-002
3.8000000566244125 0.20392624991450362 2.0499464054123648E-002 7.4669166331790729E-002
3.8500000573694706 0.20355327343916943 1.9858303499683202E-002 7.5023664589265696E-002
3.9000000581145287 0.20321718082180651 1.9221617923292727E-002 7.5392221901518966E-002
3.9500000588595867 0.20291536283092318 1.8589963237351043E-002 7.5773034737542808E-002
4.0000000596046448 0.20264532561537496 1.7963922205974692E-002 7.6164357569040039E-002
4.0500000603497028 0.20240462921037899 1.7344130702185719E-002 7.6564419007965692E-002
4.1000000610947609 0.20219094865673293 1.6731234506291583E-002 7.6971516472527909E-002
4.1500000618398190 0.20200204161054153 1.6125897612031523E-002 7.7383977920387273E-002
4.2000000625848770 0.20183576445152163 1.5528797961496466E-002 7.7800173798633257E-002
4.2500000633299351 0.20169005167686108 1.4940604461044777E-002 7.8218528266514820E-002
4.3000000640749931 0.20156293754285379 1.4361985106533774E-002 7.8637519273710529E-002
4.3500000648200512 0.20145254650760908 1.3793591974685483E-002 7.9055686628102126E-002
4.4000000655651093 0.20135709737996166 1.3236056083059763E-002 7.9471637548473029E-002
4.4500000663101673 0.20127489928678671 1.2689981729446536E-002 7.9884048688611903E-002
4.5000000670552254 0.20120435897937830 1.2155938316603242E-002 8.0291674542247532E-002
4.5500000678002834 0.20114397610603715 1.1634459503063910E-002 8.0693347025607376E-002
4.6000000685453415 0.20109234065394005 1.1126035143495585E-002 8.1087980323027636E-002
4.6500000692903996 0.20104815245878999 1.0631108864714954E-002 8.1474578349513188E-002
4.7000000700354576 0.20101018940258727 1.0150075391678127E-002 8.1852225506550622E-002
4.7500000707805157 0.20097732384377454 9.6832777712548019E-003 8.2220095236551438E-002
4.8000000715255737 0.20094853173933463 9.2310055928807120E-003 8.2577452809620547E-002
4.8500000722706318 0.20092285888461031 8.7934932117939742E-003 8.2923646088415959E-002
4.9000000730156898 0.20089945136207382 8.3709207978246297E-003 8.3258113301454106E-002
4.9500000737607479 0.20087753608723555 7.9634139491372904E-003 8.3580377178142512E-002
5.0000000745058060 0.20085642103989551 7.5710432333019294E-003 8.3890043846924320E-002
5.0500000752508640 0.20083549758402988 7.1938301594739852E-003 8.4186800640452669E-002
5.1000000759959221 0.20081422527548226 6.8317415622634482E-003 8.4470410693609652E-002
5.1500000767409801 0.20079212410349626 6.4846972750997349E-003 8.4740705733889837E-002
5.2000000774860382 0.20076880600188141 6.1525709252390481E-003 8.4997600342692853E-002
5.2500000782310963 0.20074392726437437 5.8351943679990888E-003 8.5241065529809146E-002
5.3000000789761543 0.20071720700527790 5.5323555715823475E-003 8.5471134888712469E-002
5.3500000797212124 0.20068842670062001 5.2438152403258805E-003 8.5687896817366230E-002
5.4000000804662704 0.20065740265538901 4.9692875564309250E-003 8.5891495148744987E-002
5.4500000812113285 0.20062400552271245 4.7084655887642433E-003 8.6082118157076309E-002
5.5000000819563866 0.20058814628916732 4.4610135832044949E-003 8.6259996959864818E-002
5.5500000827014446 0.20054977640677324 4.2265722356623295E-003 8.6425400461561414E-002
5.6000000834465027 0.20050887733722822 4.0047630122075299E-003 8.6578630486223940E-002
5.6500000841915607 0.20046546165530796 3.7951907913422959E-003 8.6720017463204471E-002
5.7000000849366188 0.20041956825852345 3.5974469133704290E-003 8.6849916450493378E-002
5.7500000856816769 0.20037125900238645 3.4111125672119601E-003 8.6968702656380070E-002
5.8000000864267349 0.20032061535048123 3.2357612429068676E-003 8.7076767953380513E-002
5.8500000871717930 0.20026773560568845 3.0709615636094452E-003 8.7174517190780024E-002
5.9000000879168510 0.20021272937974810 2.9162767368035064E-003 8.7262366993307749E-002
5.9500000886619091 0.20015591155900297 2.7714124657922962E-003 8.7340695056343773E-002
6.0000000894069672 0.20009685611496830 2.6355349666874910E-003 8.7410043788413064E-002
6.0500000901520252 0.20003625606958073 2.5086114005434075E-003 8.7470725968382068E-002
6.1000000908970833 0.19997407200991441 2.3900877309560981E-003 8.7523203623416465E-002
6.1500000916421413 0.19991045159841922 2.2795476417067735E-003 8.7567898538432803E-002
6.2000000923871994 0.19984554389702780 2.1765829668958562E-003 8.7605227473745065E-002
6.2500000931322575 0.19977949838997072 2.0807947613035276E-003 8.7635600551159404E-002
6.3000000938773155 0.19971246346757243 1.9917942854013868E-003 8.7659419845378617E-002
6.3500000946223736 0.19964458551959247 1.9092037791532000E-003 8.7677078183586582E-002
6.4000000953674316 0.19957600805095246 1.8326571221001532E-003 8.7688958164593350E-002
6.4500000961124897 0.19950687119054150 1.7618006609623697E-003 8.7695431079012023E-002
6.5000000968575478 0.19943730889025438 1.6962919729360917E-003 8.7696856835544998E-002
6.5500000976026058 0.19936745314066889 1.6358034374646306E-003 8.7693582512302082E-002
6.6000000983476639 0.19929742958856880 1.5800192169561169E-003 8.7685942708939382E-002
6.6500000990927219 0.19922735631026051 1.5286363250093106E-003 8.7674259044051212E-002
6.7000000998377800 0.19915734560724452 1.4813660584154186E-003 8.7658839683209130E-002
6.7500001005828381 0.19908750829535296 1.4379314976313128E-003 8.7639979674740409E-002
6.8000001013278961 0.19901794436199222 1.3980692693627561E-003 8.7617960689067617E-002
6.8500001020729542 0.19894874896728496 1.3615285822569133E-003 8.7593051173216085E-002
6.9000001028180122 0.19888001103888958 1.3280711282342452E-003 8.7565506478757438E-002
6.9500001035630703 0.19881180815035043 1.2974675315725267E-003 8.7535569672905447E-002
7.0000001043081284 0.19874423246349271 1.2695134577822447E-003 8.7503468702911827E-002
7.0500001050531864 0.19867727962828574 1.2439388040172716E-003 8.7469429255875281E-002
7.1000001057982445 0.19861119812092562 1.2207284347215454E-003 8.7433636808475532E-002
7.1500001065433025 0.19854586860065179 1.1995288731920335E-003 8.7396304269796762E-002
7.2000001072883606 0.19848140421270202 1.1802277265755574E-003 8.7357607508614307E-002
7.2500001080334187 0.19841785331189163 1.1626650315197985E-003 8.7317717845621590E-002
7.3000001087784767 0.19835525916590643 1.1466905094779727E-003 8.7276796025019032E-002
7.3500001095235348 0.19829365978323715 1.1321632715998438E-003 8.7234992107783293E-002
7.4000001102685928 0.19823309007788281 1.1189508971399937E-003 8.7192448421939087E-002
7.4500001110136509 0.19817356186158391 1.1069200939784146E-003 8.7149296459486700E-002
7.5000001117587090 0.19811514968931915 1.0959851975502319E-003 8.7105654493807333E-002
7.5500001125037670 0.19805781643628056 1.0860072481257744E-003 8.7061641414555302E-002
7.6000001132488251 0.19800162356836387 1.0768993157246971E-003 8.7017360787147432E-002
7.6500001139938831 0.19794655724646903 1.0685643221288582E-003 8.6972911310902956E-002
7.7000001147389412 0.19789263727028800 1.0609165385572696E-003 8.6928383442536034E-002
7.7500001154839993 0.19783987109525289 1.0538753037956602E-003 8.6883860858008491E-002
7.8000001162290573 0.19778826327933174 1.0473658689545506E-003 8.6839420608661594E-002
7.8500001169741154 0.19773781568035267 1.0413190718971432E-003 8.6795133473131253E-002
7.9000001177191734 0.19768852764271688 1.0356710215647374E-003 8.6751064297500069E-002
7.9500001184642315 0.19764039618961141 1.0303627945643515E-003 8.6707272334686017E-002
8.0000001192092896 0.19759341617183496 1.0253401375448904E-003 8.6663811549965705E-002
8.0500001199543476 0.19754758050960916 1.0205532179163549E-003 8.6620730944770380E-002
8.1000001206994057 0.19750288026336640 1.0159563173250772E-003 8.6578074835940697E-002
8.1500001214444637 0.19745930480705992 1.0115075784061184E-003 8.6535883153463264E-002
8.2000001221895218 0.19741684201676063 1.0071687952516721E-003 8.6494191693671840E-002
8.2500001229345798 0.19737547838890043 1.0029051690604650E-003 8.6453032380527206E-002
8.3000001236796379 0.19733519916179099 9.9868506747568782E-004 8.6412433537676830E-002
8.3500001244246960 0.19729598844103782 9.9447983735863766E-004 8.6372420086717250E-002
8.4000001251697540 0.19725782928851487 9.9026358492833614E-004 8.6333013787604884E-002
8.4500001259148121 0.19722070388604915 9.8601300789003020E-004 8.6294233453500041E-002
8.5000001266598701 0.19718459361094354 9.8170721554336209E-004 8.6256095142070915E-002
8.5500001274049282 0.19714947911817385 9.7732754623620520E-004 8.6218612352414431E-002
8.6000001281499863 0.19711534044549706 9.7285741712295633E-004 8.6181796203562394E-002
8.6500001288950443 0.19708215709338781 9.6828217166351370E-004 8.6145655607638746E-002
8.7000001296401024 0.19704990809539280 9.6358893901117115E-004 8.6110197421419898E-002
8.7500001303851604 0.19701857210154591 9.5876649825703687E-004 8.6075426612868558E-002
8.8000001311302185 0.19698812743674118 9.5380515399659483E-004 8.6041346394809745E-002
8.8500001318752766 0.19695855216490865 9.4869661751706294E-004 8.6007958363450751E-002
8.9000001326203346 0.19692982414375665 9.4343389593025222E-004 8.5975262623358542E-002
8.9500001333653927 0.19690192107789686 9.3801118772336343E-004 8.5943257908253107E-002
9.0000001341104507 0.19687482056985328 9.3242378427815732E-004 8.5911941697504643E-002
9.0500001348555088 0.19684850015480243 9.2666797973698940E-004 8.5881310310767622E-002
9.1000001356005669 0.19682293734934125 9.2074098374161949E-004 8.5851359017696402E-002
9.1500001363456249 0.19679810968303499 9.1464084195616775E-004 8.5822082125087490E-002
9.2000001370906830 0.19677399473127835 9.0836636110145589E-004 8.5793473063775216E-002
9.2500001378357410 0.19675057014543060 9.0191703892869590E-004 8.5765524470477417E-002
9.3000001385807991 0.19672781367830319 8.9529299915163134E-004 8.5738228262424179E-002
9.3500001393258572 0.19670570320755026 8.8849493041607110E-004 8.5711575708364102E-002
9.4000001400709152 0.19668421675763170 8.8152403104929016E-004 8.5685557493229800E-002
9.4500001408159733 0.19666333249829518 8.7438195730022436E-004 8.5660163759643568E-002
9.5000001415610313 0.19664302883270382 8.6707076571896496E-004 8.5635384247418261E-002
9.5500001423060894 0.19662328431658116 8.5959288127158159E-004 8.5611208235308309E-002
9.6000001430511475 0.19660407767625368 8.5195105270528197E-004 8.5587624600584250E-002
9.6500001437962055 0.19658538791658048 8.4414830640213725E-004 8.5564621968807777E-002
9.7000001445412636 0.19656719423276189 8.3618791502683334E-004 8.5542188658592908E-002
9.7500001452863216 0.19654947605232326 8.2807336559276420E-004 8.5520312751618116E-002
9.8000001460313797 0.19653221303548440 8.1980832825692012E-004 8.5498982125636447E-002
9.8500001467764378 0.19651538507709457 8.1139662862939196E-004 8.5478184485498154E-002
9.9000001475214958 0.19649897231028310 8.0284222194882033E-004 8.5457907395056085E-002
9.9500001482665539 0.19648295510617234 7.9414916977589426E-004 8.5438138303351688E-002
10.000000149011612 0.19646731407330534 7.8532161860358097E-004 8.5418864569320838E-002
